myvector1 <- 1:5000
myvector2 <- 7000:10000
the_best_vector <- c(1:5000, 7000:10000)

